 1         217             
 2         209             
 3         231             
 4         196             
 5         191             
 6         213             
 7         210             
 8         191             
 9         264             
 10        192             
 11        215             
 12        225             
 13        232             
 14        237             
 15        183             
 16        194             
 17        208             
 18        245             
 19        210             
 20        213             
 21        208             
 22        195             
 23        206             
 24        195             
 25        209             
 26        195             
 27        232             
 28        176             
 29        236             
 30        222             
 31        206             
 32        299             
 33        272             
 34        253             
 35        242             
 36        237             
 37        193             
 38        232             
 39        212             
 40        236             
 41        191             
 42        187             
 43        193             
 44        191             
 45        210             
 46        209             
 47        219             
 48        217             
 49        193             
 50        209             
 51        305             
 52        191             
 53        192             
 54        232             
 55        228             
 56        234             
 57        191             
 58        188             
 59        120             
 60        222             
 61        237             
 62        298             
 63        176             
 64        209             
 65        205             
 66        190             
 67        193             
 68        237             
 69        225             
 70        285             
 71        211             
 72        213             
 73        232             
 74        237             
 75        255             
 76        191             
 77        232             
 78        241             
 79        159             
 80        193             
 81        185             
 82        234             
 83        227             
 84        220             
 85        191             
 86        232             
 87        191             
 88        204             
 89        209             
 90        191             
 91        260             
 92        278             
 93        193             
 94        198             
 95        209             
 96        256             
 97        193             
 98        209             
 99        152             
 100       237             
 101       231             
 102       195             
 103       174             
 104       236             
 105       133             
 106       228             
 107       204             
 108       210             
 109       225             
 110       224             
 111       191             
 112       192             
 113       256             
 114       191             
 115       232             
 116       215             
 117       277             
 118       78              
 119       187             
 120       233             
 121       246             
 122       213             
 123       261             
 124       208             
 125       231             
 126       270             
 127       220             
 128       191             
 129       194             
 130       304             
 131       210             
 132       193             
 133       196             
 134       233             
 135       195             
 136       231             
 137       263             
 138       161             
 139       221             
 140       196             
 141       209             
 142       208             
 143       184             
 144       265             
 145       224             
 146       260             
 147       254             
 148       220             
 149       145             
 150       209             
 151       192             
 152       234             
 153       237             
 154       186             
 155       193             
 156       212             
 157       237             
 158       256             
 159       246             
 160       162             
 161       209             
 162       96              
